486
1043
1088
1072
1076
1098
1090
32
1077
32
1085
1072
1087
1072
1076
1085
1072
1090
32
1086
1090
32
1084
1080
1090
1080
1095
1085
1080
32
1089
1098
1097
1077
1089
1090
1074
1072
44
32
1082
1086
1080
1090
1086
32
1091
1073
1080
1074
1072
1090
32
1093
1086
1088
1072
1090
1072
32
33
13
10
1047
1072
32
1076
1072
32
1073
1098
1076
1072
1090
32
1091
1085
1080
1097
1086
1078
1077
1085
1080
32
1089
1072
32
1085
1077
1086
1073
1093
1086
1076
1080
1084
1080
32
1089
1087
1077
1094
1080
1072
1083
1085
1080
32
1082
1088
1080
1089
1090
1072
1083
1080
44
13
10
1082
1086
1080
1090
1086
32
1084
1086
1075
1072
1090
32
1076
1072
32
1073
1098
1076
1072
1090
32
1085
1072
1084
1077
1088
1077
1085
1080
32
1074
32
1087
1086
1076
1077
1084
1080
1103
1090
1072
44
32
1086
1090
32
1082
1086
1080
1090
1086
32
1080
1079
1083
1080
1079
1072
1090
13
10
1095
1091
1076
1086
1074
1080
1097
1072
1090
1072
46
32
1045
1076
1080
1085
1089
1090
1074
1077
1085
1080
1103
1090
32
1075
1077
1088
1086
1081
44
32
1082
1086
1081
1090
1086
32
1089
1077
32
1086
1089
1084
1077
1083
1103
1074
1072
32
1076
1072
32
1074
1083
1077
1079
1077
32
1074
13
10
1087
1086
1076
1079
1077
1084
1080
1103
1090
1072
44
32
1089
1080
32
1090
1080
32
33
32
1054
1089
1074
1077
1085
32
1082
1088
1080
1089
1090
1072
1083
1080
44
32
1074
32
1087
1086
1076
1079
1077
1084
1080
1103
1090
1072
32
1080
1084
1072
32
1080
32
1073
1088
1086
1085
1080
32
13
10
1080
32
1086
1088
1098
1078
1080
1103
44
32
1082
1086
1080
1090
1086
32
1084
1086
1075
1072
1090
32
1076
1072
32
1090
1080
32
1087
1086
1084
1086
1075
1085
1072
1090
46
32
1042
1085
1080
1084
1072
1074
1072
1081
44
32
1074
1089
1103
1082
1086
32
1086
1088
1098
1078
1080
1077
32
13
10
1080
1083
1080
32
1073
1088
1086
1085
1103
32
1089
1080
32
1080
1084
1072
1090
32
1080
1079
1076
1088
1098
1078
1083
1080
1074
1086
1089
1090
32
1080
32
1084
1086
1075
1072
1090
32
1076
1072
32
1073
1098
1076
1072
1090
32
1089
1095
1091
1087
1077
1085
1080
46
32
1048
1084
1072
32
13
10
1080
32
1089
1090
1098
1082
1083
1077
1085
1080
1094
1080
32
1089
32
1077
1083
1077
1082
1089
1080
1088
44
32
1082
1086
1081
1090
1086
32
1074
1098
1079
1089
1090
1072
1085
1086
1074
1103
1074
1072
32
1079
1076
1088
1072
1074
1077
1090
1086
32
1090
1080
46
0
