1
11
27
1
0
1
0
200
100
100
100
79
100
107
114
101
46
39
102
0
65
78
0
65278
65278
65278
65278
1
0
-124
1076
-14
886
81
256
-124
836
256
-74
836
256
-24
836
256
26
836
256
76
836
256
126
836
256
176
836
256
226
836
256
276
836
256
326
836
256
376
836
256
426
836
256
476
836
256
526
836
256
576
836
256
626
836
256
676
836
256
726
836
256
776
836
256
826
836
256
876
836
256
926
836
256
976
836
256
1026
836
256
-124
36
256
-124
86
256
-124
136
256
-124
186
256
-124
236
256
-124
286
256
-124
336
256
-124
386
256
-124
436
256
-124
486
256
-124
536
256
-124
586
256
-124
636
256
-124
686
256
-124
736
256
-124
786
256
1026
36
256
1026
86
256
1026
136
256
1026
186
256
1026
236
256
1026
286
256
1026
336
256
1026
386
256
1026
436
256
1026
486
256
1026
536
256
1026
586
256
1026
636
256
1026
686
256
1026
736
256
1026
786
256
176
146
256
332
146
256
449
146
512
570
146
256
708
146
256
849
146
256
970
146
512
176
283
256
313
283
512
463
283
256
613
283
512
747
283
256
878
283
512
176
411
512
313
411
512
454
411
512
605
411
256
755
411
256
868
411
512
176
545
512
301
545
256
451
545
512
565
545
256
774
545
256
887
545
5
2
334
342
2
839
307
1
288
163
16
52
354
64
942
220
10
326
46
505
46
619
46
783
46
891
46
976
46
976
112
976
208
976
286
976
369
266.299
318.314
131
200
6
403.5
132.5
16
150
704.794
405
4
140
709.499
50
1
100
710
441
8
90
710
226.329
8
90
537.8
373.325
1
100
